{
	"metadata": {
		"version": 4.4,
		"type": "Object",
		"generator": "Object3D.toJSON"
	},
	"geometries": [
		{
			"uuid": "DAE1DFEB-7D30-4D05-90D1-0063ECC1F16A",
			"type": "TorusGeometry",
			"radius": 80,
			"tube": 35,
			"radialSegments": 10,
			"tubularSegments": 20,
			"arc": 7
		},
		{
			"uuid": "DB6E325F-C0FE-4C48-BBBB-90016FDCE537",
			"type": "BoxGeometry",
			"width": 100,
			"height": 80,
			"depth": 350,
			"widthSegments": 1,
			"heightSegments": 1,
			"depthSegments": 1
		}],
	"materials": [
		{
			"uuid": "E944B898-E611-4365-872E-7FEC0225578C",
			"type": "MeshBasicMaterial",
			"color": 9276813
		},
		{
			"uuid": "30DB3A82-6006-49AF-99AC-E5964A10B9FB",
			"type": "MeshBasicMaterial",
			"color": 12171705
		}],
	"object": {
		"uuid": "064F6621-3D04-40F5-92B5-D7C88C764C11",
		"type": "Scene",
		"name": "Scene",
		"matrix": [1,0,0,0,0,1,0,0,0,0,1,0,0,0,0,1],
		"children": [
			{
				"uuid": "D20AFD23-96F4-4D14-931F-E89A68249DD9",
				"type": "Mesh",
				"name": "Torus 2",
				"matrix": [1,0,0,0,0,1,0,0,0,0,1,0,0,105.38074493408203,0,1],
				"geometry": "DAE1DFEB-7D30-4D05-90D1-0063ECC1F16A",
				"material": "E944B898-E611-4365-872E-7FEC0225578C"
			},
			{
				"uuid": "4B6FFC89-27BC-4090-87FC-46F552EB35AB",
				"type": "Mesh",
				"name": "Box 3",
				"matrix": [1,0,0,0,0,1,0,0,0,0,1,0,0,38.49836730957031,139.8156280517578,1],
				"geometry": "DB6E325F-C0FE-4C48-BBBB-90016FDCE537",
				"material": "30DB3A82-6006-49AF-99AC-E5964A10B9FB"
			},
			{
				"uuid": "68FF8C7B-DA83-4BF8-9B47-AB8CBC5F9082",
				"type": "AmbientLight",
				"name": "AmbientLight 1",
				"matrix": [1,0,0,0,0,1,0,0,0,0,1,0,-278.5299987792969,198.6999969482422,0,1],
				"color": 16777215
			},
			{
				"uuid": "AB723240-6701-4CC8-BB51-C6EDC50612EA",
				"type": "HemisphereLight",
				"name": "HemisphereLight 2",
				"matrix": [0.12792854011058807,0,0.9917833805084229,0,0,1,0,0,-0.9917833805084229,0,0.12792854011058807,0,393.8468322753906,676.9976196289062,150,1],
				"color": 43775,
				"groundColor": 16755200,
				"intensity": 1
			},
			{
				"uuid": "665AEEB1-4849-4335-95E6-BFF6523844B1",
				"type": "SpotLight",
				"name": "SpotLight 3",
				"matrix": [0.7867980003356934,0.512615978717804,0.34376418590545654,0,-0.5858355760574341,0.7955647706985474,0.15451008081436157,0,-0.19428233802318573,-0.32295748591423035,0.9262574315071106,0,172.11077880859375,378.248779296875,369.9356994628906,1],
				"color": 16777215,
				"intensity": 1,
				"distance": 0,
				"angle": 0.3141592653589793,
				"decay": 1,
				"exponent": 10
			},
			{
				"uuid": "8DF72DD1-0D9A-4F6E-AA70-4E0EA8C4C9E0",
				"type": "PerspectiveCamera",
				"name": "PerspectiveCamera 1",
				"castShadow": true,
				"receiveShadow": true,
				"matrix": [0.9506198763847351,0.02343074418604374,0.30947187542915344,0,0.05710573494434357,0.9669158458709717,-0.2486216425895691,0,-0.30505862832069397,0.25401729345321655,0.9178313612937927,0,-291.54998779296875,162.63999938964844,465.92999267578125,1],
				"zoom": 1,
				"fov": 50.04,
				"aspect": 1,
				"near": 1,
				"far": 10000
			}]
	}
}